
Capacitance Matrix (grounded):

----------------------------------------------------------------------------------------------------------------------------------------------------------------------------------------------------------------------------------------------------------------------------------------------------------------------------------------------------------------------------------------------------------------------------------------------------------------------------------------------------------------------------------------------------------------------------------------------------------------------------------

                   Bee               s11_1             s11_2             s12_1             s12_2             s13_1             s13_2             s14_1             s14_2             s21_1             s21_2             s22_1             s22_2             s23_1             s23_2             s24_1             s24_2             s31_1             s31_2             s32_1             s32_2             s33_1             s33_2             s34_1             s34_2             s41_1             s41_2             s42_1             s42_2             s43_1             s43_2             s44_1             s44_2            

Bee                1.611825e-13 F  -4.440108e-15 F  -1.476018e-15 F  -5.467726e-15 F  -1.487686e-15 F  -2.737260e-15 F  -8.292835e-16 F  -9.427890e-16 F  -3.438363e-16 F  -6.773741e-15 F  -1.817070e-15 F  -9.226252e-15 F  -1.933205e-15 F  -3.862793e-15 F  -9.355046e-16 F  -1.077625e-15 F  -3.138871e-16 F  -4.101015e-15 F  -1.195741e-15 F  -5.101479e-15 F  -1.186150e-15 F  -2.485774e-15 F  -6.222105e-16 F  -8.177961e-16 F  -2.417162e-16 F  -1.446457e-15 F  -5.197782e-16 F  -1.522126e-15 F  -4.412346e-16 F  -9.652810e-16 F  -2.893516e-16 F  -4.451108e-16 F  -1.595092e-16 F 
s11_1             -4.440108e-15 F   1.078957e-12 F  -7.764546e-13 F  -3.755143e-14 F  -2.814799e-14 F  -1.563544e-15 F  -7.540380e-16 F  -3.293804e-16 F  -1.556766e-16 F  -3.954680e-14 F  -2.927163e-14 F  -6.359021e-15 F  -3.950895e-15 F  -5.737570e-16 F  -1.660205e-16 F  -1.484469e-16 F  -4.544105e-17 F  -1.543645e-15 F  -7.395669e-16 F  -5.548290e-16 F  -1.628010e-16 F  -1.911052e-16 F  -5.165610e-17 F  -7.122780e-17 F  -2.209052e-17 F  -3.272546e-16 F  -1.559317e-16 F  -1.418279e-16 F  -4.380441e-17 F  -6.885407e-17 F  -2.148658e-17 F  -3.304580e-17 F  -1.221445e-17 F 
s11_2             -1.476018e-15 F  -7.764546e-13 F   1.115609e-12 F  -2.864204e-14 F  -2.964566e-14 F  -7.829548e-16 F  -4.382330e-16 F  -1.571889e-16 F  -7.984652e-17 F  -2.956156e-14 F  -3.111243e-14 F  -4.132236e-15 F  -3.508422e-15 F  -2.174973e-16 F  -6.651593e-17 F  -5.860283e-17 F  -1.815973e-17 F  -7.675574e-16 F  -4.278576e-16 F  -2.102621e-16 F  -6.571222e-17 F  -6.993902e-17 F  -1.896217e-17 F  -2.689254e-17 F  -8.404329e-18 F  -1.569830e-16 F  -8.040515e-17 F  -5.612309e-17 F  -1.756535e-17 F  -2.601518e-17 F  -8.184890e-18 F  -1.246677e-17 F  -4.637015e-18 F 
s12_1             -5.467726e-15 F  -3.755143e-14 F  -2.864204e-14 F   1.089796e-12 F  -7.658406e-13 F  -3.707802e-14 F  -2.794020e-14 F  -1.611756e-15 F  -7.943638e-16 F  -6.383799e-15 F  -4.074537e-15 F  -3.522266e-14 F  -2.592303e-14 F  -6.292573e-15 F  -3.912202e-15 F  -6.463953e-16 F  -2.072535e-16 F  -5.618487e-16 F  -1.999023e-16 F  -7.629489e-16 F  -2.276607e-16 F  -5.274830e-16 F  -1.522917e-16 F  -2.297638e-16 F  -7.315120e-17 F  -1.358652e-16 F  -5.303722e-17 F  -1.403581e-16 F  -4.216936e-17 F  -1.183231e-16 F  -3.549134e-17 F  -7.878570e-17 F  -2.909040e-17 F 
s12_2             -1.487686e-15 F  -2.814799e-14 F  -2.964566e-14 F  -7.658406e-13 F   1.124376e-12 F  -2.835495e-14 F  -2.957957e-14 F  -7.737164e-16 F  -4.430028e-16 F  -4.051005e-15 F  -3.535781e-15 F  -2.617770e-14 F  -2.841960e-14 F  -4.047121e-15 F  -3.486844e-15 F  -2.274848e-16 F  -7.766613e-17 F  -1.854394e-16 F  -7.096576e-17 F  -2.462951e-16 F  -8.373530e-17 F  -1.709294e-16 F  -5.382231e-17 F  -7.443222e-17 F  -2.408460e-17 F  -4.252920e-17 F  -1.682851e-17 F  -4.264289e-17 F  -1.286175e-17 F  -3.618024e-17 F  -1.087651e-17 F  -2.482254e-17 F  -9.238261e-18 F 
s13_1             -2.737260e-15 F  -1.563544e-15 F  -7.829548e-16 F  -3.707802e-14 F  -2.835495e-14 F   1.088199e-12 F  -7.651511e-13 F  -3.749435e-14 F  -2.815144e-14 F  -5.701007e-16 F  -1.878197e-16 F  -6.257392e-15 F  -3.955336e-15 F  -3.538970e-14 F  -2.598726e-14 F  -6.579214e-15 F  -4.083077e-15 F  -1.922003e-16 F  -6.231176e-17 F  -5.257451e-16 F  -1.538709e-16 F  -8.762002e-16 F  -2.538222e-16 F  -6.733685e-16 F  -2.325281e-16 F  -7.049657e-17 F  -2.602924e-17 F  -1.240068e-16 F  -3.755961e-17 F  -1.703365e-16 F  -5.067316e-17 F  -1.715995e-16 F  -6.617790e-17 F 
s13_2             -8.292835e-16 F  -7.540380e-16 F  -4.382330e-16 F  -2.794020e-14 F  -2.957957e-14 F  -7.651511e-13 F   1.123912e-12 F  -2.866634e-14 F  -2.974415e-14 F  -2.022612e-16 F  -7.108517e-17 F  -3.983377e-15 F  -3.481830e-15 F  -2.618832e-14 F  -2.846090e-14 F  -4.160526e-15 F  -3.558145e-15 F  -6.213082e-17 F  -2.051346e-17 F  -1.679835e-16 F  -5.367397e-17 F  -2.771216e-16 F  -9.084056e-17 F  -2.174494e-16 F  -8.045390e-17 F  -2.191275e-17 F  -8.164165e-18 F  -3.714593e-17 F  -1.127619e-17 F  -5.067997e-17 F  -1.513608e-17 F  -5.249857e-17 F  -2.052119e-17 F 
s14_1             -9.427890e-16 F  -3.293804e-16 F  -1.571889e-16 F  -1.611756e-15 F  -7.737164e-16 F  -3.749435e-14 F  -2.866634e-14 F   1.077681e-12 F  -7.757107e-13 F  -1.388858e-16 F  -4.351807e-17 F  -6.223871e-16 F  -1.813983e-16 F  -6.573101e-15 F  -4.036092e-15 F  -3.944255e-14 F  -2.933861e-14 F  -6.990521e-17 F  -2.183094e-17 F  -2.256452e-16 F  -6.118805e-17 F  -6.664762e-16 F  -1.899034e-16 F  -1.637765e-15 F  -7.707157e-16 F  -3.639078e-17 F  -1.340119e-17 F  -8.419425e-17 F  -2.629166e-17 F  -1.734438e-16 F  -5.300060e-17 F  -3.583842e-16 F  -1.680848e-16 F 
s14_2             -3.438363e-16 F  -1.556766e-16 F  -7.984652e-17 F  -7.943638e-16 F  -4.430028e-16 F  -2.815144e-14 F  -2.974415e-14 F  -7.757107e-13 F   1.114478e-12 F  -5.410822e-17 F  -1.715015e-17 F  -2.315945e-16 F  -7.121474e-17 F  -4.174217e-15 F  -3.537838e-15 F  -2.949253e-14 F  -3.119996e-14 F  -2.579757e-17 F  -8.123083e-18 F  -8.080774e-17 F  -2.199721e-17 F  -2.479590e-16 F  -7.493561e-17 F  -8.051265e-16 F  -4.438738e-16 F  -1.339118e-17 F  -4.963454e-18 F  -3.102724e-17 F  -9.766309e-18 F  -6.690730e-17 F  -2.072031e-17 F  -1.683665e-16 F  -8.531419e-17 F 
s21_1             -6.773741e-15 F  -3.954680e-14 F  -2.956156e-14 F  -6.383799e-15 F  -4.051005e-15 F  -5.701007e-16 F  -2.022612e-16 F  -1.388858e-16 F  -5.410822e-17 F   1.091226e-12 F  -7.647981e-13 F  -3.293553e-14 F  -2.454724e-14 F  -7.487464e-16 F  -2.224126e-16 F  -1.399828e-16 F  -4.184257e-17 F  -3.900074e-14 F  -2.906410e-14 F  -6.204417e-15 F  -3.885923e-15 F  -4.978106e-16 F  -1.444465e-16 F  -1.131204e-16 F  -3.389958e-17 F  -1.584880e-15 F  -7.787835e-16 F  -6.234128e-16 F  -2.021020e-16 F  -2.159852e-16 F  -6.948263e-17 F  -7.393894e-17 F  -2.733760e-17 F 
s21_2             -1.817070e-15 F  -2.927163e-14 F  -3.111243e-14 F  -4.074537e-15 F  -3.535781e-15 F  -1.878197e-16 F  -7.108517e-17 F  -4.351807e-17 F  -1.715015e-17 F  -7.647981e-13 F   1.125178e-12 F  -2.512372e-14 F  -2.681440e-14 F  -2.440973e-16 F  -8.149079e-17 F  -4.293146e-17 F  -1.287569e-17 F  -2.915247e-14 F  -3.094633e-14 F  -4.026181e-15 F  -3.480952e-15 F  -1.626433e-16 F  -5.108741e-17 F  -3.494411e-17 F  -1.049214e-17 F  -7.536082e-16 F  -4.314435e-16 F  -2.199109e-16 F  -7.645813e-17 F  -7.035461e-17 F  -2.299526e-17 F  -2.346236e-17 F  -8.736436e-18 F 
s22_1             -9.226252e-15 F  -6.359021e-15 F  -4.132236e-15 F  -3.522266e-14 F  -2.617770e-14 F  -6.257392e-15 F  -3.983377e-15 F  -6.223871e-16 F  -2.315945e-16 F  -3.293553e-14 F  -2.512372e-14 F   1.100661e-12 F  -7.549990e-13 F  -3.287036e-14 F  -2.446591e-14 F  -8.434849e-16 F  -2.665469e-16 F  -6.171054e-15 F  -3.995282e-15 F  -3.493055e-14 F  -2.583659e-14 F  -6.091477e-15 F  -3.853300e-15 F  -5.530148e-16 F  -1.751427e-16 F  -5.986257e-16 F  -2.232340e-16 F  -8.291370e-16 F  -2.641479e-16 F  -5.497226e-16 F  -1.753596e-16 F  -2.280544e-16 F  -8.172746e-17 F 
s22_2             -1.933205e-15 F  -3.950895e-15 F  -3.508422e-15 F  -2.592303e-14 F  -2.841960e-14 F  -3.955336e-15 F  -3.481830e-15 F  -1.813983e-16 F  -7.121474e-17 F  -2.454724e-14 F  -2.681440e-14 F  -7.549990e-13 F   1.133074e-12 F  -2.505267e-14 F  -2.679452e-14 F  -2.506362e-16 F  -8.840943e-17 F  -3.897853e-15 F  -3.479927e-15 F  -2.602741e-14 F  -2.844263e-14 F  -3.909855e-15 F  -3.451513e-15 F  -1.618210e-16 F  -5.522467e-17 F  -1.757560e-16 F  -6.974595e-17 F  -2.462480e-16 F  -8.887788e-17 F  -1.612927e-16 F  -5.596027e-17 F  -6.247879e-17 F  -2.247080e-17 F 
s23_1             -3.862793e-15 F  -5.737570e-16 F  -2.174973e-16 F  -6.292573e-15 F  -4.047121e-15 F  -3.538970e-14 F  -2.618832e-14 F  -6.573101e-15 F  -4.174217e-15 F  -7.487464e-16 F  -2.440973e-16 F  -3.287036e-14 F  -2.505267e-14 F   1.101624e-12 F  -7.561356e-13 F  -3.331695e-14 F  -2.475587e-14 F  -5.054262e-16 F  -1.625462e-16 F  -6.144627e-15 F  -3.931079e-15 F  -3.524891e-14 F  -2.600102e-14 F  -6.394804e-15 F  -4.015319e-15 F  -2.203025e-16 F  -7.901537e-17 F  -5.698154e-16 F  -1.828564e-16 F  -8.954793e-16 F  -2.827333e-16 F  -6.707357e-16 F  -2.492081e-16 F 
s23_2             -9.355046e-16 F  -1.660205e-16 F  -6.651593e-17 F  -3.912202e-15 F  -3.486844e-15 F  -2.598726e-14 F  -2.846090e-14 F  -4.036092e-15 F  -3.537838e-15 F  -2.224126e-16 F  -8.149079e-17 F  -2.446591e-14 F  -2.679452e-14 F  -7.561356e-13 F   1.134032e-12 F  -2.510624e-14 F  -2.684194e-14 F  -1.467333e-16 F  -5.114422e-17 F  -3.862080e-15 F  -3.451981e-15 F  -2.601575e-14 F  -2.842378e-14 F  -3.991937e-15 F  -3.494589e-15 F  -5.913574e-17 F  -2.129671e-17 F  -1.628835e-16 F  -5.683095e-17 F  -2.586159e-16 F  -9.225397e-17 F  -1.909186e-16 F  -7.521961e-17 F 
s24_1             -1.077625e-15 F  -1.484469e-16 F  -5.860283e-17 F  -6.463953e-16 F  -2.274848e-16 F  -6.579214e-15 F  -4.160526e-15 F  -3.944255e-14 F  -2.949253e-14 F  -1.399828e-16 F  -4.293146e-17 F  -8.434849e-16 F  -2.506362e-16 F  -3.331695e-14 F  -2.510624e-14 F   1.090067e-12 F  -7.644069e-13 F  -1.198152e-16 F  -3.615066e-17 F  -5.661572e-16 F  -1.636517e-16 F  -6.395516e-15 F  -3.983818e-15 F  -3.917289e-14 F  -2.911809e-14 F  -8.271777e-17 F  -3.052203e-17 F  -2.454129e-16 F  -7.887430e-17 F  -6.803322e-16 F  -2.191353e-16 F  -1.635555e-15 F  -8.016489e-16 F 
s24_2             -3.138871e-16 F  -4.544105e-17 F  -1.815973e-17 F  -2.072535e-16 F  -7.766613e-17 F  -4.083077e-15 F  -3.558145e-15 F  -2.933861e-14 F  -3.119996e-14 F  -4.184257e-17 F  -1.287569e-17 F  -2.665469e-16 F  -8.840943e-17 F  -2.475587e-14 F  -2.684194e-14 F  -7.644069e-13 F   1.124725e-12 F  -3.606642e-17 F  -1.090421e-17 F  -1.794357e-16 F  -5.586984e-17 F  -4.022603e-15 F  -3.489937e-15 F  -2.923629e-14 F  -3.100022e-14 F  -2.560355e-17 F  -9.519124e-18 F  -7.801688e-17 F  -2.548170e-17 F  -2.352993e-16 F  -8.116179e-17 F  -7.735437e-16 F  -4.443863e-16 F 
s31_1             -4.101015e-15 F  -1.543645e-15 F  -7.675574e-16 F  -5.618487e-16 F  -1.854394e-16 F  -1.922003e-16 F  -6.213082e-17 F  -6.990521e-17 F  -2.579757e-17 F  -3.900074e-14 F  -2.915247e-14 F  -6.171054e-15 F  -3.897853e-15 F  -5.054262e-16 F  -1.467333e-16 F  -1.198152e-16 F  -3.606642e-17 F   1.091219e-12 F  -7.651709e-13 F  -3.321844e-14 F  -2.459406e-14 F  -8.403066e-16 F  -2.446626e-16 F  -1.630612e-16 F  -4.841703e-17 F  -3.952430e-14 F  -2.946101e-14 F  -6.567923e-15 F  -4.099012e-15 F  -6.563417e-16 F  -2.287591e-16 F  -1.655819e-16 F  -6.390460e-17 F 
s31_2             -1.195741e-15 F  -7.395669e-16 F  -4.278576e-16 F  -1.999023e-16 F  -7.096576e-17 F  -6.231176e-17 F  -2.051346e-17 F  -2.183094e-17 F  -8.123083e-18 F  -2.906410e-14 F  -3.094633e-14 F  -3.995282e-15 F  -3.479927e-15 F  -1.625462e-16 F  -5.114422e-17 F  -3.615066e-17 F  -1.090421e-17 F  -7.651709e-13 F   1.125618e-12 F  -2.520942e-14 F  -2.681693e-14 F  -2.675412e-16 F  -8.720427e-17 F  -4.874847e-17 F  -1.452642e-17 F  -2.935390e-14 F  -3.113276e-14 F  -4.138790e-15 F  -3.557327e-15 F  -2.109883e-16 F  -7.826571e-17 F  -5.054506e-17 F  -1.973338e-17 F 
s32_1             -5.101479e-15 F  -5.548290e-16 F  -2.102621e-16 F  -7.629489e-16 F  -2.462951e-16 F  -5.257451e-16 F  -1.679835e-16 F  -2.256452e-16 F  -8.080774e-17 F  -6.204417e-15 F  -4.026181e-15 F  -3.493055e-14 F  -2.602741e-14 F  -6.144627e-15 F  -3.862080e-15 F  -5.661572e-16 F  -1.794357e-16 F  -3.321844e-14 F  -2.520942e-14 F   1.100964e-12 F  -7.556399e-13 F  -3.294458e-14 F  -2.451493e-14 F  -8.793198e-16 F  -2.767197e-16 F  -6.539836e-15 F  -4.198935e-15 F  -3.534885e-14 F  -2.618389e-14 F  -6.378284e-15 F  -4.018742e-15 F  -6.613693e-16 F  -2.457336e-16 F 
s32_2             -1.186150e-15 F  -1.628010e-16 F  -6.571222e-17 F  -2.276607e-16 F  -8.373530e-17 F  -1.538709e-16 F  -5.367397e-17 F  -6.118805e-17 F  -2.199721e-17 F  -3.885923e-15 F  -3.480952e-15 F  -2.583659e-14 F  -2.844263e-14 F  -3.931079e-15 F  -3.451981e-15 F  -1.636517e-16 F  -5.586984e-17 F  -2.459406e-14 F  -2.681693e-14 F  -7.556399e-13 F   1.133548e-12 F  -2.502671e-14 F  -2.681072e-14 F  -2.576526e-16 F  -9.042369e-17 F  -3.984155e-15 F  -3.530618e-15 F  -2.600736e-14 F  -2.850245e-14 F  -3.992109e-15 F  -3.499976e-15 F  -1.894821e-16 F  -7.413486e-17 F 
s33_1             -2.485774e-15 F  -1.911052e-16 F  -6.993902e-17 F  -5.274830e-16 F  -1.709294e-16 F  -8.762002e-16 F  -2.771216e-16 F  -6.664762e-16 F  -2.479590e-16 F  -4.978106e-16 F  -1.626433e-16 F  -6.091477e-15 F  -3.909855e-15 F  -3.524891e-14 F  -2.601575e-14 F  -6.395516e-15 F  -4.022603e-15 F  -8.403066e-16 F  -2.675412e-16 F  -3.294458e-14 F  -2.502671e-14 F   1.100010e-12 F  -7.548716e-13 F  -3.325896e-14 F  -2.473628e-14 F  -6.533976e-16 F  -2.438800e-16 F  -6.383980e-15 F  -4.081536e-15 F  -3.549051e-14 F  -2.620866e-14 F  -6.581893e-15 F  -4.162180e-15 F 
s33_2             -6.222105e-16 F  -5.165610e-17 F  -1.896217e-17 F  -1.522917e-16 F  -5.382231e-17 F  -2.538222e-16 F  -9.084056e-17 F  -1.899034e-16 F  -7.493561e-17 F  -1.444465e-16 F  -5.108741e-17 F  -3.853300e-15 F  -3.451513e-15 F  -2.600102e-14 F  -2.842378e-14 F  -3.983818e-15 F  -3.489937e-15 F  -2.446626e-16 F  -8.720427e-17 F  -2.451493e-14 F  -2.681072e-14 F  -7.548716e-13 F   1.132620e-12 F  -2.510868e-14 F  -2.687212e-14 F  -1.853792e-16 F  -7.297044e-17 F  -3.924501e-15 F  -3.493413e-15 F  -2.601627e-14 F  -2.840576e-14 F  -4.050265e-15 F  -3.535778e-15 F 
s34_1             -8.177961e-16 F  -7.122780e-17 F  -2.689254e-17 F  -2.297638e-16 F  -7.443222e-17 F  -6.733685e-16 F  -2.174494e-16 F  -1.637765e-15 F  -8.051265e-16 F  -1.131204e-16 F  -3.494411e-17 F  -5.530148e-16 F  -1.618210e-16 F  -6.394804e-15 F  -3.991937e-15 F  -3.917289e-14 F  -2.923629e-14 F  -1.630612e-16 F  -4.874847e-17 F  -8.793198e-16 F  -2.576526e-16 F  -3.325896e-14 F  -2.510868e-14 F   1.091025e-12 F  -7.649719e-13 F  -1.699109e-16 F  -6.561062e-17 F  -6.743354e-16 F  -2.359411e-16 F  -6.604078e-15 F  -4.152102e-15 F  -3.952517e-14 F  -2.946417e-14 F 
s34_2             -2.417162e-16 F  -2.209052e-17 F  -8.404329e-18 F  -7.315120e-17 F  -2.408460e-17 F  -2.325281e-16 F  -8.045390e-17 F  -7.707157e-16 F  -4.438738e-16 F  -3.389958e-17 F  -1.049214e-17 F  -1.751427e-16 F  -5.522467e-17 F  -4.015319e-15 F  -3.494589e-15 F  -2.911809e-14 F  -3.100022e-14 F  -4.841703e-17 F  -1.452642e-17 F  -2.767197e-16 F  -9.042369e-17 F  -2.473628e-14 F  -2.687212e-14 F  -7.649719e-13 F   1.125031e-12 F  -5.158631e-17 F  -2.015666e-17 F  -2.151083e-16 F  -8.006699e-17 F  -4.105556e-15 F  -3.559222e-15 F  -2.937964e-14 F  -3.113056e-14 F 
s41_1             -1.446457e-15 F  -3.272546e-16 F  -1.569830e-16 F  -1.358652e-16 F  -4.252920e-17 F  -7.049657e-17 F  -2.191275e-17 F  -3.639078e-17 F  -1.339118e-17 F  -1.584880e-15 F  -7.536082e-16 F  -5.986257e-16 F  -1.757560e-16 F  -2.203025e-16 F  -5.913574e-17 F  -8.271777e-17 F  -2.560355e-17 F  -3.952430e-14 F  -2.935390e-14 F  -6.539836e-15 F  -3.984155e-15 F  -6.533976e-16 F  -1.853792e-16 F  -1.699109e-16 F  -5.158631e-17 F   1.078025e-12 F  -7.759507e-13 F  -3.757513e-14 F  -2.816003e-14 F  -1.633372e-15 F  -7.773905e-16 F  -3.510787e-16 F  -1.636033e-16 F 
s41_2             -5.197782e-16 F  -1.559317e-16 F  -8.040515e-17 F  -5.303722e-17 F  -1.682851e-17 F  -2.602924e-17 F  -8.164165e-18 F  -1.340119e-17 F  -4.963454e-18 F  -7.787835e-16 F  -4.314435e-16 F  -2.232340e-16 F  -6.974595e-17 F  -7.901537e-17 F  -2.129671e-17 F  -3.052203e-17 F  -9.519124e-18 F  -2.946101e-14 F  -3.113276e-14 F  -4.198935e-15 F  -3.530618e-15 F  -2.438800e-16 F  -7.297044e-17 F  -6.561062e-17 F  -2.015666e-17 F  -7.759507e-13 F   1.114805e-12 F  -2.868801e-14 F  -2.971015e-14 F  -8.060055e-16 F  -4.463240e-16 F  -1.640466e-16 F  -8.229078e-17 F 
s42_1             -1.522126e-15 F  -1.418279e-16 F  -5.612309e-17 F  -1.403581e-16 F  -4.264289e-17 F  -1.240068e-16 F  -3.714593e-17 F  -8.419425e-17 F  -3.102724e-17 F  -6.234128e-16 F  -2.199109e-16 F  -8.291370e-16 F  -2.462480e-16 F  -5.698154e-16 F  -1.628835e-16 F  -2.454129e-16 F  -7.801688e-17 F  -6.567923e-15 F  -4.138790e-15 F  -3.534885e-14 F  -2.600736e-14 F  -6.383980e-15 F  -3.924501e-15 F  -6.743354e-16 F  -2.151083e-16 F  -3.757513e-14 F  -2.868801e-14 F   1.088092e-12 F  -7.651131e-13 F  -3.709130e-14 F  -2.792478e-14 F  -1.637347e-15 F  -8.037540e-16 F 
s42_2             -4.412346e-16 F  -4.380441e-17 F  -1.756535e-17 F  -4.216936e-17 F  -1.286175e-17 F  -3.755961e-17 F  -1.127619e-17 F  -2.629166e-17 F  -9.766309e-18 F  -2.021020e-16 F  -7.645813e-17 F  -2.641479e-16 F  -8.887788e-17 F  -1.828564e-16 F  -5.683095e-17 F  -7.887430e-17 F  -2.548170e-17 F  -4.099012e-15 F  -3.557327e-15 F  -2.618389e-14 F  -2.850245e-14 F  -4.081536e-15 F  -3.493413e-15 F  -2.359411e-16 F  -8.006699e-17 F  -2.816003e-14 F  -2.971015e-14 F  -7.651131e-13 F   1.123825e-12 F  -2.841879e-14 F  -2.963624e-14 F  -7.833947e-16 F  -4.472678e-16 F 
s43_1             -9.652810e-16 F  -6.885407e-17 F  -2.601518e-17 F  -1.183231e-16 F  -3.618024e-17 F  -1.703365e-16 F  -5.067997e-17 F  -1.734438e-16 F  -6.690730e-17 F  -2.159852e-16 F  -7.035461e-17 F  -5.497226e-16 F  -1.612927e-16 F  -8.954793e-16 F  -2.586159e-16 F  -6.803322e-16 F  -2.352993e-16 F  -6.563417e-16 F  -2.109883e-16 F  -6.378284e-15 F  -3.992109e-15 F  -3.549051e-14 F  -2.601627e-14 F  -6.604078e-15 F  -4.105556e-15 F  -1.633372e-15 F  -8.060055e-16 F  -3.709130e-14 F  -2.841879e-14 F   1.088251e-12 F  -7.651466e-13 F  -3.757118e-14 F  -2.821737e-14 F 
s43_2             -2.893516e-16 F  -2.148658e-17 F  -8.184890e-18 F  -3.549134e-17 F  -1.087651e-17 F  -5.067316e-17 F  -1.513608e-17 F  -5.300060e-17 F  -2.072031e-17 F  -6.948263e-17 F  -2.299526e-17 F  -1.753596e-16 F  -5.596027e-17 F  -2.827333e-16 F  -9.225397e-17 F  -2.191353e-16 F  -8.116179e-17 F  -2.287591e-16 F  -7.826571e-17 F  -4.018742e-15 F  -3.499976e-15 F  -2.620866e-14 F  -2.840576e-14 F  -4.152102e-15 F  -3.559222e-15 F  -7.773905e-16 F  -4.463240e-16 F  -2.792478e-14 F  -2.963624e-14 F  -7.651466e-13 F   1.123762e-12 F  -2.864116e-14 F  -2.972409e-14 F 
s44_1             -4.451108e-16 F  -3.304580e-17 F  -1.246677e-17 F  -7.878570e-17 F  -2.482254e-17 F  -1.715995e-16 F  -5.249857e-17 F  -3.583842e-16 F  -1.683665e-16 F  -7.393894e-17 F  -2.346236e-17 F  -2.280544e-16 F  -6.247879e-17 F  -6.707357e-16 F  -1.909186e-16 F  -1.635555e-15 F  -7.735437e-16 F  -1.655819e-16 F  -5.054506e-17 F  -6.613693e-16 F  -1.894821e-16 F  -6.581893e-15 F  -4.050265e-15 F  -3.952517e-14 F  -2.937964e-14 F  -3.510787e-16 F  -1.640466e-16 F  -1.637347e-15 F  -7.833947e-16 F  -3.757118e-14 F  -2.864116e-14 F   1.077639e-12 F  -7.756006e-13 F 
s44_2             -1.595092e-16 F  -1.221445e-17 F  -4.637015e-18 F  -2.909040e-17 F  -9.238261e-18 F  -6.617790e-17 F  -2.052119e-17 F  -1.680848e-16 F  -8.531419e-17 F  -2.733760e-17 F  -8.736436e-18 F  -8.172746e-17 F  -2.247080e-17 F  -2.492081e-16 F  -7.521961e-17 F  -8.016489e-16 F  -4.443863e-16 F  -6.390460e-17 F  -1.973338e-17 F  -2.457336e-16 F  -7.413486e-17 F  -4.162180e-15 F  -3.535778e-15 F  -2.946417e-14 F  -3.113056e-14 F  -1.636033e-16 F  -8.229078e-17 F  -8.037540e-16 F  -4.472678e-16 F  -2.821737e-14 F  -2.972409e-14 F  -7.756006e-13 F   1.114210e-12 F 

----------------------------------------------------------------------------------------------------------------------------------------------------------------------------------------------------------------------------------------------------------------------------------------------------------------------------------------------------------------------------------------------------------------------------------------------------------------------------------------------------------------------------------------------------------------------------------------------------------------------------------
